2240.8000000000325
2240.6793669713425
2240.5355187921305
2240.3547307441036
2240.1220996951683
2239.823051665886
2239.439524087739
2238.940127080214
2238.2693853436313
2237.3403604133055
2236.026126789049
2234.1416501959484
2231.4146425226654
2227.4620239950923
2221.816076959719
2214.009888086459
2203.645187971773
2190.473650771347
2174.534922322138
2156.0696630334037
2135.301259496029
2112.5334600142924
2088.2241656458536
2062.810796423407
2036.5801411741645
2009.5868672726049
1981.7012861754818
1952.8285988161047
1923.0074294886967
1892.214343584562
1860.169365418675
1826.4447166973125
1790.838951316338
1753.6347891953642
1715.2869269185303
1675.9238283305324
1635.4116082613978
1593.7801976936405
1551.2995659251706
1508.139843710389
1464.1613113657627
1419.0888917169245
1372.7595531411785
1325.1989911518906
1276.4987802344478
1226.554828798514
1174.9298243821095
1120.9910199906576
1064.2086271288879
1004.514512778499
942.3877397678452
878.470899885886
813.248051645162
747.1083694550128
680.6293401135695
614.8859524609015
551.3631452578038
491.2631530775176
434.8486491131018
381.49647009536534
330.15947821553937
279.73426315467225
229.5130225682051
179.60046679739725
130.56550083321935
82.75777112734349
36.319463425984246
-8.541206260961062
-51.61639044980846
-92.88729910132376
-132.5424773559407
-170.70012444755096
-207.1252971916639
-241.30687896485043
-272.7941045918334
-301.5306321850898
-327.9814455149416
-352.9647437762738
-377.1799849898478
-400.6399623156161
-422.5765437551444
-442.01211822045866
-458.3771035987418
-471.6585515877346
-482.27692797866746
-490.9588956472233
-498.64136890088724
-506.2923678794743
-514.5316414164495
-523.500653363395
-533.2032576960754
-543.6234572006932
-554.4064599248836
-564.6945266763726
-573.4591030870289
-580.0602424607531
-584.5025512871338
-587.238055392784
-588.8304978903876
-589.7138041090335
-590.0487192516117
-589.6960010938283
-588.4048414467034
-586.086312075434
-582.8681848772427
-578.97998495085
-574.717987561286
-570.4757600385726
-566.6403697989065
-563.331694624853
-560.2980295493288
-557.1629930671136
-553.750088336152
-550.1828553157212
-546.7532250700283
-543.6808438796313
-540.9284179908374
-538.2079153725741
-535.1041368423219
-531.3387140758946
-527.1673150128978
-523.4080028823716
-520.8778064201281
-519.8348774549703
-519.9111838089232
-520.48094546325
-521.0675831772496
-521.3878374201965
-521.1178031491139
-519.8543637567583
-517.4679383092058
-514.2892407837667
-510.7561593731506
-507.0264109026719
-503.06362286292926
-498.9821104536231
-495.14621321100833
-491.90161117356126
-489.3075154254237
-487.2382828855335
-485.6852434740667
-484.85216312266107
-484.90111952293677
-485.61573394407316
-486.44524371550796
-486.8661074404728
-486.6704468245268
-486.1479863438391
-486.00755399538474
-486.81626282285504
-488.51091452412413
-490.5667071607663
-492.44556979670756
-493.8007846704656
-494.49439740566123
-494.587953615072
-494.2960811715186
-493.88982942685055
-493.6019710305124
-493.5308254983319
-493.60126536762846
-493.70622509187405
-493.8883734158253
-494.3684837195855
-495.4638143590269
-497.44336485342103
-500.38217049084653
-504.09102830814066
-508.06513906743635
-511.6270438367695
-514.3762738379471
-516.3587722429287
-517.727951072634
-518.4569859589453
-518.3489755913118
-517.2605843623119
-515.3612110444948
-513.1469151753071
-511.2034023697386
-509.9748195875655
-509.6738878920462
-510.26348369512624
-511.4917073179898
-512.954490692784
-514.1195241368946
-514.4227752114328
-513.5266751675804
-511.4810378386834
-508.59195396433324
-505.2263611709814
-501.7155108645374
-498.25487145145325
-494.81047070403656
-491.2257618314495
-487.46798636570236
-483.66344078893223
-479.902722458103
-476.1539841457478
-472.3699654068149
-468.6693744515466
-465.4643023595937
-463.3026756647745
-462.4328383766116
-462.5486301634777
-462.9893231683029
-463.1429951453183
-462.6947004659131
-461.63212359667074
-460.19780853700036
-458.9075122101568
-458.43124038659494
-459.27919220780575
-461.60451353451356
-465.21494205108525
-469.62739406645136
-474.2372867090487
-478.63142208393117
-482.68772746525656
-486.3086234404729
-489.15203109503364
-490.6873347901831
-490.5584881553223
-488.8913099482958
-486.2164590870183
-483.2133776533308
-480.59054562031776
-479.0133702368862
-478.8177755668239
-479.69440180225894
-480.76209268566305
-481.0719741445443
-480.17943974642685
-478.33284192740985
-476.2004542234637
-474.47347491047833
-473.59531129743954
-473.60986052543774
-474.21853517009714
-475.02618158002
-475.66210502964486
-475.8091741020155
-475.415769189813
-474.84662177941783
-474.6272009803565
-475.05968127285325
-476.14007321767747
-477.6956518503611
-479.49116123928735
-481.3379439524555
-483.1461922702648
-484.7795228489064
-485.9397259330569
-486.2949360028528
-485.68465274765106
-484.20624828265466
-482.16866819348456
-479.9410304428328
-477.7976463066336
-475.9030542447538
-474.3809032989064
-473.3145121808419
-472.6418033725104
-472.05170675319255
-471.0178692761441
-469.00129309270795
-465.76156499758594
-461.5740334924386
-457.1375110318408
-453.20148269711325
-450.22867034792296
-448.29678180083687
-447.1096420255844
-446.0969201167293
-444.7169053467464
-442.79690212684477
-440.53253134887314
-438.1873972787158
-435.88675409188346
-433.65711615121984
-431.60051094480247
-430.00876020162343
-429.24600690283717
-429.4686512414232
-430.5294779808843
-432.2001992159397
-434.4032457608665
-437.2377054067155
-440.7929310140753
-444.8098935638373
-448.5731831401674
-451.4206334578077
-453.3229170620926
-454.6806640728936
-455.72129651233445
-456.3033760188212
-456.15760376693885
-455.12433203856654
-453.154022094216
-450.28760955798674
-446.7147178940574
-442.7826946023098
-438.92784674933705
-435.53922186394647
-432.8315534710679
-430.87968043876293
-429.77816207316
-429.64098961691616
-430.36415303614547
-431.50177178179104
-432.46054749162755
-432.7496183522293
-432.19553410206805
-431.12735160701294
-430.26391270651294
-430.28681375099944
-431.38959404084085
-433.1651513255456
-434.84629327148355
-435.78793857057127
-436.05495209262244
-436.40964067309466
-437.5095743763993
-439.32468643644495
-441.4738311344915
-443.7711660437217
-446.19620911804367
-448.5944255110197
-450.68457194157327
-452.30978174970596
-453.57305049014195
-454.7283220407364
-456.0310322137525
-457.69418157823105
-459.81009102389237
-462.29331481387516
-465.0388989095595
-468.0893988740392
-471.48124378355834
-474.98932755856947
-478.157780137738
-480.5435406577015
-481.8739009183047
-482.0514416901656
-481.13892240092986
-479.25931744748505
-476.53336487914686
-473.2496378506315
-469.8872017653937
-466.7828939448989
-463.89267506838064
-460.95920991869417
-457.83339133418394
-454.60142701001405
-451.53191883574203
-448.9834407757384
-447.2948263384718
-446.7126509870455
-447.37637838521306
-449.3252259577038
-452.5079621131895
-456.74333080756054
-461.6066615879535
-466.34631750394703
-469.97456178744306
-471.6068350898807
-470.8519957918701
-467.9196665605135
-463.46458403897674
-458.3341992558575
-453.27347525873375
-448.77278864371266
-445.14074489639074
-442.58236857574764
-441.13171410618935
-440.5659688075699
-440.53454327455216
-440.8250264370877
-441.35552287601155
-441.8810943734358
-441.91630039377736
-441.0268759066183
-439.1213153002179
-436.4939104597705
-433.7110871879502
-431.5005435213404
-430.617924273835
-431.50111739950705
-433.85794073207614
-436.62854880437925
-438.5046175242069
-438.67597138887845
-437.14009132091513
-434.34100732499314
-430.7350416873087
-426.7852207134312
-423.1008726130523
-420.3201242018026
-418.86243191105063
-418.8018716259525
-419.8481096717513
-421.3724203242188
-422.5990769899851
-422.9496085946266
-422.27641690529686
-420.83174455856056
-419.0487069554187
-417.27207164749507
-415.5989027569942
-414.0367278943319
-412.81985293535894
-412.44874719535505
-413.35285987235517
-415.5028878142331
-418.3678288658159
-421.25810007301834
-423.78104189637475
-426.0444504062162
-428.4358327327408
-431.2385751901898
-434.4954511939079
-438.18469014979775
-442.3324849269508
-446.8399038062869
-451.3832411855064
-455.7133312045947
-459.99128657951303
-464.61226327220305
-469.68599729664885
-474.8077179248165
-479.3401905993475
-482.8186975074878
-485.0594875047584
-486.0393189353839
-485.8270313619271
-484.63790938028205
-482.91445100859994
-481.28208490540214
-480.33683534867185
-480.41105183936133
-481.4683946401258
-483.16868434430296
-485.043090537178
-486.7038396525094
-488.01428861432305
-489.10706283488696
-490.2349227574312
-491.5675866514293
-493.03075836455406
-494.30941164919807
-495.08835787530495
-495.3218921419078
-495.2494681333918
-495.1531019611027
-495.10727367721705
-494.9377869959671
-494.3604384076143
-493.1731626132374
-491.38032654051136
-489.0735500285086
-486.1985820996604
-482.6209584863502
-478.4011346356672
-473.89394774319925
-469.6045637176426
-465.95974907976336
-463.1622786613902
-461.1715143768831
-459.79100882757507
-458.8150022709518
-458.10276131149425
-457.5088137201882
-456.7674160226025
-455.5586833622637
-453.8000674186651
-451.8203941802454
-450.1776794586585
-449.31247702376993
-449.3498603215664
-450.13418606459345
-451.3407693809539
-452.582025672833
-453.5560149694252
-454.1335757654924
-454.2802109387909
-453.98976850774096
-453.3587105475034
-452.6286207708927
-452.07777260995243
-451.8712835320409
-451.999705115873
-452.31284060868865
-452.6162957228665
-452.7679167873792
-452.6784472364918
-452.28177898703666
-451.56943820441757
-450.6034029811903
-449.47537746566843
-448.3420980525848
-447.4850231826526
-447.2220844188821
-447.7165336014857
-448.8536152167727
-450.29466201036297
-451.677556876522
-452.7759324123207
-453.4896746284601
-453.759266461683
-453.58785884502464
-453.101696340131
-452.49415862640916
-451.9354871674336
-451.51544491337825
-451.19929866807735
-450.82633500092123
-450.19138590257006
-449.1977651120264
-447.95036358382265
-446.67635335731217
-445.5643114624722
-444.6755183445443
-443.9949152637126
-443.5066746573231
-443.1449033936166
-442.73369126679506
-442.0828906556695
-441.1355682234759
-439.9889743905445
-438.800894196381
-437.70994423559387
-436.8601541995955
-436.44393790633967
-436.5963545124512
-437.2486041001782
-438.1485324357121
-439.00370857969557
-439.630604629457
-440.0166825997669
-440.282976667019
-440.6308630928144
-441.23838206136827
-442.1097336317565
-443.0507163147703
-443.79821758763643
-444.18229265939016
-444.18120142534457
-443.83385570875475
-443.1584826341811
-442.19398359117395
-441.0826565248336
-440.047811180071
-439.28721545631765
-438.88100429633613
-438.75834217990155
-438.7322412736105
-438.5953239641309
-438.2492389324658
-437.77467810760476
-437.33754448426737
-437.0288708261588
-436.8569069730281
-436.8672287319656
-437.17537057002085
-437.8636963362754
-438.88181472392404
-440.064726052518
-441.22885602694294
-442.2295165799255
-442.9529917087164
-443.3200902919644
-443.3091806669876
-442.95801453269826
-442.35727351748943
-441.6455507283498
-441.0093868490149
-440.6428905088626
-440.66323634971525
-440.9997284585928
-441.3307654108148
-441.23329478122656
-440.4849806120867
-439.239238973982
-437.9137712822454
-436.90926060259926
-436.42232328492054
-436.44353938835275
-436.8429790330134
-437.47257700186543
-438.21751574827323
-438.99217810048356
-439.71925192845
-440.30087863661373
-440.6492714798512
-440.7667628019262
-440.75495870777803
-440.74816522176735
-440.8782525870424
-441.27861850072514
-442.0177380226749
-443.01004239808776
-444.0664072005777
-445.0553279599869
-445.98735314389495
-446.9212123659813
-447.82236287922547
-448.59870926344047
-449.232880102843
-449.7825118988901
-450.3340617997659
-450.9567521108596
-451.6004699931876
-452.0566931440091
-452.0824081958827
-451.6038792599569
-450.82346488192763
-450.11115180667304
-449.78438004038145
-449.9874578543536
-450.6840615731211
-451.635691967104
-452.4194517166026
-452.60079012514655
-451.95364566648294
-450.5236622730725
-448.51973376658566
-446.18739372054637
-443.7764864106496
-441.5679309544008
-439.86753639960654
-438.93618806224987
-438.9083138112029
-439.7691440597477
-441.35926383525555
-443.3864153269595
-445.4912706658866
-447.36343115012875
-448.8478426636849
-449.9652697586218
-450.82183405322957
-451.51643303757936
-452.1394435812244
-452.79249160029906
-453.5760284171659
-454.5685582642502
-455.7658363495971
-457.0453756484773
-458.2740853081409
-459.4196069582076
-460.48060165988045
-461.3823643682001
-462.04525665385796
-462.4812230265175
-462.7512497737655
-462.8633541218867
-462.7261582401424
-462.2100799422666
-461.27657005230486
-460.0553755020667
-458.7899865762415
-457.67001053496153
-456.67000838376634
-455.5724497371661
-454.1804812267669
-452.48196768641844
-450.6030059125111
-448.66592442470596
-446.76774275436634
-445.0465517615934
-443.6473718502568
-442.59031022740527
-441.7012188250513
-440.73120240396656
-439.6144854053679
-438.56396393244694
-437.87355965313753
-437.6804238877497
-437.8753795955499
-438.1630688140737
-438.2565521318202
-438.05854766165396
-437.6432964303182
-437.1107872024966
-436.48326740092324
-435.7427865574372
-434.9443826818715
-434.22321960769847
-433.7142475168748
-433.4817075317836
-433.48583187019665
-433.6020580037969
-433.6915491506185
-433.7326126612902
-433.9140739806817
-434.53957460392024
-435.78395197907975
-437.50621309012814
-439.30082224100045
-440.73765791481014
-441.5849119819105
-441.8893286475893
-441.89481397875664
-441.8587690797372
-441.91973455694927
-442.0968764864464
-442.3380769918617
-442.5515684898186
-442.67497943164864
-442.72921362101465
-442.72686607074087
-442.5418089168903
-441.97338097931146
-440.9964760314163
-439.88853321548015
-439.03207282583367
-438.6266034694559
-438.60892697308844
-438.77617444711024
-438.98740990606507
-439.3096894844777
-439.9558338745232
-441.0569675767765
-442.5076256839721
-444.00608752000323
-445.25297151931613
-446.13194276108334
-446.6969976498047
-447.0749324428539
-447.4148061787378
-447.8406218556145
-448.3714304216564
-448.8568495623189
-449.0538220350799
-448.8788990403859
-448.51211729813497
-448.19036265248513
-448.04711886569294
-448.1697395903977
-448.63782395914365
-449.48991215817307
-450.72734621799714
-452.314642217181
-454.11574836833705
-455.8260636961247
-457.06090251958756
-457.63308940031254
-457.69103014229444
-457.4888800577691
-457.1494045565959
-456.69408233884104
-456.1613778088431
-455.6216667489167
-455.1392480505895
-454.79977079876187
-454.7431891571731
-455.1203403422204
-456.0059210782506
-457.36791881097565
-459.1403982208897
-461.23994154396934
-463.4689074299134
-465.5052563536911
-467.0265958777669
-467.850445346431
-467.98140250922603
-467.5678121925186
-466.8770995128169
-466.25210267383625
-465.9664827352568
-466.1048157340157
-466.58905598594623
-467.30409956665096
-468.21920288258787
-469.420645185016
-470.99966420843424
-472.87110123591776
-474.76527530578767
-476.4539993226863
-477.8791192877842
-479.03757580542646
-479.93494886061444
-480.6606827632098
-481.3392784905293
-482.00672412251976
-482.5624431900233
-482.77218119318184
-482.3156402150236
-480.91257056070907
-478.4832847913073
-475.2128670702964
-471.47982645109784
-467.7196593754134
-464.27534938549593
-461.3351525609975
-458.98532915882237
-457.24154574091773
-456.01740012245574
-455.14094844679545
-454.4932123357712
-454.14158468930384
-454.25234813185193
-454.885935477764
-455.9116555470476
-457.05195440014325
-457.99826843319613
-458.587492972384
-458.894885210191
-459.10700938765837
-459.341885347395
-459.6094241988363
-459.8807184952019
-460.1488199035252
-460.42855298130706
-460.71738431602427
-460.9722223048251
-461.13374215409175
-461.1963095875991
-461.2991229170957
-461.7251172657567
-462.73396784039085
-464.37594072259105
-466.4598378084101
-468.6293404070326
-470.4868950160401
-471.7529700068375
-472.31385196324476
-472.15129913320726
-471.3467888776148
-470.1669980692292
-469.0849382547452
-468.6451450101361
-469.15841994766464
-470.44030597944635
-471.90976007170843
-473.00723638933175
-473.5294070607927
-473.60276083345065
-473.4473485270212
-473.24724068860496
-473.17306701792506
-473.35361239568584
-473.751628476219
-474.11516180476724
-474.10640469488703
-473.51097497800396
-472.3562288726641
-470.86780051181444
-469.32977414845533
-467.9919585700525
-467.0660939741781
-466.6835556201143
-466.76153484234635
-466.96908146969594
-466.93182296387977
-466.48764388650034
-465.73939512716396
-464.9130486125977
-464.18625173213223
-463.6058610853977
-463.14022697172334
-462.8159317675108
-462.76855096091083
-463.1598326041912
-464.10756207950027
-465.6411561068355
-467.6279749395695
-469.7841957839271
-471.83363869225724
-473.63050283842864
-475.0951714563308
-476.16016724390045
-476.8527018368895
-477.3090100521672
-477.6721872175636
-478.02211815657085
-478.32688483852286
-478.4068973550406
-478.0425120966985
-477.17910196887334
-475.99146864592956
-474.75730153785526
-473.6855927681119
-472.85603627236713
-472.27958323474354
-471.9040955305248
-471.5235943288362
-470.81637286156945
-469.560222013997
-467.7483094824956
-465.49373480762335
-462.91375320361504
-460.1271403741185
-457.29302145171687
-454.58181584883647
-452.11860487569874
-449.9678799136746
-448.1558139637231
-446.7369682203532
-445.8459595818858
-445.602308266996
-445.92927654693375
-446.4654390632784
-446.6598571201788
-446.03777508933035
-444.42161172894237
-441.922579551317
-438.81959748686387
-435.48657176722486
-432.3108585969027
-429.58860503658843
-427.4783529795047
-426.01253317963244
-425.151487514372
-424.86739190629504
-425.1813430172164
-426.09691400642674
-427.54757388969205
-429.42496907661035
-431.58937492914004
-433.8561785407579
-436.0159019936494
-437.8644467657522
-439.2318423483126
-440.0374522599331
-440.33690104017245
-440.30886989990137
-440.2045804033786
-440.27637617588437
-440.7091369898173
-441.6057362835489
-443.01289933647405
-444.92118866974283
-447.20302627095367
-449.58125718770464
-451.69300642628747
-453.18956967876306
-453.8561877160203
-453.72264738111585
-453.0861861133649
-452.3978954478165
-452.0417942131118
-452.1427443951124
-452.5625591775379
-453.03670696790863
-453.2765210108977
-453.0557919783728
-452.306360529016
-451.17221066010404
-450.00881126791467
-449.2615961826862
-449.25651262117833
-450.0976317545665
-451.73271237536534
-454.0132548989012
-456.65819469938293
-459.25145167698065
-461.3897499050848
-462.86402970889253
-463.6776618367895
-463.90355602852577
-463.5901449796303
-462.83045202446107
-461.8278138686523
-460.82279533514395
-459.9485791566386
-459.1673963835512
-458.36191099868194
-457.44124538932624
-456.35837208755225
-455.145732514969
-453.9890597843731
-453.1762951928642
-452.9071932467084
-453.1573613285434
-453.70811168177863
-454.3265642307822
-454.96884763399
-455.78427378679845
-456.9515343955837
-458.56853771240236
-460.62370505283405
-462.9913516199134
-465.46377728252975
-467.8086623546203
-469.79353056566987
-471.20167003911524
-471.87724292056606
-471.74397293159143
-470.791325639978
-469.07580005118547
-466.74725890156316
-464.0849692939912
-461.49138446823645
-459.3949670443826
-458.10080091554414
-457.6599200593576
-457.8388129592155
-458.2537577675208
-458.5971375076857
-458.7666306181844
-458.8090988934373
