2240.8000000000325
2241.6905061784255
2242.241688980028
2242.6274843372303
2242.920291243793
2243.155140776134
2243.3511168143605
2243.51957490147
2243.6677439551195
2243.800478590313
2243.9211832246933
2244.0323319952668
2244.1357773896025
2244.232941918111
2244.3249418026044
2244.4126694490024
2244.4968500008526
2244.5780810620854
2244.6568611763805
2244.7336106036596
2244.8086866985045
2244.8823954271606
2244.9550000714316
2245.0267278486285
2245.097774965727
2245.1683104829967
2245.238479264787
2245.3084042274295
2245.3781880474453
2245.447914459583
2245.5176492512696
2245.587441042611
2245.657321928774
2245.7273080517934
2245.7974001602156
2245.867584207601
2245.9378320328556
2246.0081021569504
2246.0783407213985
2246.1484825837397
2246.2184525745733
2246.2881669096455
2246.3575347395645
2246.4264598099057
2246.4948421958106
2246.5625800689095
2246.6295714503913
2246.6957159031986
2246.7609161180926
2246.8250793530433
2246.888118692205
2246.9499540994757
2247.0105132509207
2247.069732140486
2247.1275554624585
2247.1839367824896
2247.2388385156837
2247.2922317353605
2247.3440958390042
2247.394418099605
2247.4431931301624
2247.4904222878768
2247.5361130420983
2247.580278327066
2247.622935897186
2247.6641076992164
2247.7038192722275
2247.7420991834715
2247.7789785054633
2247.8144903371744
2247.8486693707773
2247.8815515033743
2247.9131734926086
2247.9435726537304
2247.97278659558
2248.0008529923653
2248.027809388086
2248.053693030475
2248.078540731331
2248.102388750184
2248.1252726987705
2248.1472274635366
2248.168287143936
2248.1884850045476
2248.2078534389116
2248.2264239436045
2248.244227101007
2248.261292569433
2248.2776490796114
2248.2933244363558
2248.308345524698
2248.3227383197286
2248.3365278993733
2248.349738459756
2248.362393332475
2248.374515003494
2248.3861251332664
2248.397244577789
2248.4078934103327
2248.418090943653
2248.4278557524462
2248.4372056959432
2248.4461579404897
2248.454728982002
2248.4629346682436
2248.4707902207692
2248.478310256525
2248.485508809109
2248.4923993495236
2248.4989948064626
2248.50530758618
2248.5113495917462
2248.5171322418278
2248.522666488928
2248.527962837098
2248.5330313590694
2248.537881712893
2248.5425231580175
2248.5469645708304
2248.551214459691
2248.555280979449
2248.5591719454587
2248.5628948470703
2248.5664568607153
2248.5698648623948
2248.5731254398393
2248.5762449041267
2248.579229300933
2248.582084421315
2248.584815812088
2248.587428785854
2248.589928430566
2248.5923196188223
2248.594607016661
2248.5967950921927
2248.5988881237226
2248.6008902076637
2248.602805266086
2248.6046370539566
2248.6063891661474
2248.608065044099
2248.6096679822645
2248.6112011342443
2248.6126675187174
2248.6140700251262
2248.615411419073
2248.616694347588
2248.617921344121
2248.6190948333124
2248.620217135639
2248.621290471803
2248.622316966959
2248.6232986547816
2248.6242374813573
2248.625135308888
2248.6259939192732
2248.626815017551
2248.627600235127
2248.628351132977
2248.629069204612
2248.6297558789865
2248.630412523242
2248.6310404453643
2248.631640896727
2248.632215074498
2248.632764123975
2248.6332891408333
2248.6337911732135
2248.634271223809
2248.6347302517893
2248.63516917469
2248.635588870213
2248.635990177921
2248.636373900898
2248.63674080731
2248.6370916319315
2248.6374270775705
2248.6377478164486
2248.6380544915464
2248.6383477178315
2248.63862808351
2248.638896151153
2248.6391524588157
2248.6393975211067
2248.639631830202
2248.6398558568126
2248.6400700511126
2248.6402748436512
2248.640470646173
2248.640657852447
2248.6408368390753
2248.6410079661855
2248.64117157819
2248.64132800446
2248.641477559962
2248.641620545892
2248.641757250304
2248.6418879486373
2248.6420129042954
2248.6421323691447
2248.642246584058
2248.6423557793523
2248.6424601752697
2248.6425599824115
2248.642655402154
2248.642746627076
2248.6428338413016
2248.6429172209037
2248.642996934227
2248.6430731422624
2248.643145998937
2248.6432156514243
2248.6432822404654
2248.643345900611
2248.6434067605296
2248.643464943233
2248.643520566362
2248.64357374237
2248.6436245787972
2248.6436731784624
2248.6437196396673
2248.6437640564045
2248.6438065185516
2248.6438471120127
2248.643885918958
2248.6439230179285
2248.643958484016
2248.6439923890334
2248.644024801613
2248.6440557874084
2248.6440854091475
2248.6441137268425
2248.6441407978427
2248.6441666769897
2248.644191416721
2248.644215067155
2248.644237676219
2248.644259289725
2248.644279951498
2248.6442997033805
2248.644318585452
2248.6443366359613
2248.644353891516
2248.644370387101
2248.6443861561584
2248.6444012306774
2248.6444156412267
2248.644429417026
2248.6444425860254
2248.6444551749346
2248.6444672092916
2248.6444787135056
2248.644489710931
2248.644500223866
2248.6445102736475
2248.6445198806814
2248.644529064448
2248.644537843592
2248.644546235933
2248.644554258505
2248.6445619275914
2248.6445692587636
2248.6445762668955
2248.644582966225
2248.6445893703476
2248.6445954922665
2248.6446013444133
2248.6446069386666
2248.644612286398
2248.644617398456
2248.644622285226
2248.6446269566363
2248.644631422173
2248.6446356909028
2248.6446397714963
2248.6446436722517
2248.644647401082
2248.6446509655616
2248.6446543729407
2248.6446576301355
2248.644660743758
2248.6446637201425
2248.64466656534
2248.6446692851264
2248.6446718850243
2248.6446743703227
2248.6446767460675
2248.644679017081
2248.6446811879982
2248.6446832632205
2248.6446852469508
2248.6446871432413
2248.6446889559365
2248.644690688721
2248.644692345119
2248.6446939284924
2248.6446954420653
2248.6446968889186
2248.6446982719763
2248.644699594067
2248.6447008578743
2248.6447020659543
2248.6447032207807
2248.6447043246926
2248.6447053799343
2248.644706388657
2248.644707352908
2248.6447082746336
2248.6447091557293
2248.64470999798
2248.6447108030925
2248.6447115727096
2248.644712308394
2248.644713011641
2248.6447136838815
2248.644714326478
2248.6447149407504
2248.644715527932
2248.644716089225
2248.6447166257703
2248.6447171386526
2248.644717628924
2248.644718097575
2248.64471854557
2248.644718973804
2248.644719383158
2248.644719774463
2248.6447201485107
2248.6447205060676
2248.6447208478594
2248.644721174578
2248.644721486888
2248.644721785434
2248.644722070806
2248.6447223435976
2248.644722604363
2248.6447228536263
2248.6447230918975
2248.644723319667
2248.6447235373894
2248.6447237455086
2248.6447239444533
2248.644724134627
2248.644724316411
2248.6447244901847
2248.6447246562884
2248.644724815068
2248.64472496685
2248.644725111932
2248.644725250624
2248.6447253831993
2248.644725509923
2248.644725631059
2248.644725746859
2248.644725857543
2248.6447259633524
2248.6447260645045
2248.6447261611797
2248.644726253595
2248.644726341942
2248.644726426385
2248.6447265071106
2248.644726584272
2248.644726658035
2248.644726728545
2248.6447267959406
2248.6447268603642
2248.64472692195
2248.6447269808173
2248.6447270370963
2248.644727090884
2248.644727142301
2248.644727191453
2248.644727238444
2248.644727283351
2248.6447273262847
2248.64472736732
2248.6447274065513
2248.6447274440466
2248.644727479888
2248.6447275141522
2248.6447275469063
2248.644727578213
2248.644727608143
2248.6447276367476
2248.6447276641
2248.6447276902377
2248.6447277152233
2248.6447277391094
2248.644727761942
2248.644727783767
2248.644727804629
2248.6447278245696
2248.644727843631
2248.6447278618534
2248.6447278792757
2248.644727895923
2248.644727911841
2248.644727927053
2248.644727941597
2248.644727955494
2248.6447279687854
2248.6447279814925
2248.6447279936297
2248.644728005239
2248.6447280163375
2248.6447280269394
2248.6447280370776
2248.6447280467683
2248.6447280560355
2248.644728064886
2248.6447280733473
2248.6447280814405
2248.6447280891734
2248.6447280965735
2248.644728103637
2248.6447281103997
2248.644728116849
2248.644728123023
2248.6447281289247
2248.644728134567
2248.6447281399596
2248.644728145109
2248.644728150037
2248.6447281547485
2248.6447281592446
2248.644728163552
2248.6447281676624
2248.6447281715964
2248.6447281753535
2248.644728178946
2248.6447281823803
2248.6447281856626
2248.644728188801
2248.644728191799
2248.6447281946653
2248.6447281974097
2248.64472820003
2248.6447282025324
2248.644728204925
2248.6447282072163
2248.6447282094023
2248.644728211491
2248.6447282134895
2248.644728215401
2248.6447282172294
2248.6447282189733
2248.6447282206414
2248.644728222236
2248.644728223767
2248.6447282252216
2248.6447282266145
2248.6447282279432
2248.64472822922
2248.6447282304343
2248.644728231595
2248.6447282327117
2248.644728233774
2248.6447282347917
2248.644728235763
2248.644728236686
2248.644728237582
2248.64472823843
2248.6447282392337
2248.644728240006
2248.64472824075
2248.644728241463
2248.6447282421423
2248.6447282427853
2248.6447282434037
2248.6447282439894
2248.644728244558
2248.6447282450963
2248.644728245616
2248.6447282461113
2248.6447282465824
2248.644728247035
2248.6447282474637
2248.6447282478753
2248.644728248273
2248.6447282486515
2248.6447282490076
2248.64472824935
2248.644728249686
2248.644728249995
2248.6447282502963
2248.644728250585
2248.644728250856
2248.644728251118
2248.6447282513755
2248.6447282516115
2248.644728251844
2248.6447282520626
2248.6447282522677
2248.644728252476
2248.6447282526647
2248.644728252846
2248.6447282530225
2248.644728253191
2248.6447282533536
2248.644728253502
2248.6447282536437
2248.6447282537843
2248.64472825392
2248.644728254048
2248.644728254171
2248.6447282542827
2248.6447282543973
2248.644728254504
2248.644728254608
2248.6447282547024
2248.644728254798
2248.6447282548806
2248.6447282549684
2248.6447282550544
2248.6447282551335
2248.644728255205
2248.6447282552745
2248.64472825534
2248.644728255408
2248.644728255467
2248.644728255532
2248.644728255587
2248.6447282556383
2248.6447282556906
2248.6447282557424
2248.6447282557933
2248.6447282558324
2248.6447282558734
2248.644728255911
2248.644728255958
2248.6447282559934
2248.644728256033
2248.6447282560694
2248.6447282561
2248.6447282561276
2248.644728256158
2248.6447282561912
2248.644728256219
2248.64472825624
2248.644728256266
2248.6447282562904
2248.6447282563186
2248.644728256336
2248.6447282563604
2248.6447282563768
2248.6447282564004
2248.644728256415
2248.6447282564377
2248.644728256452
2248.644728256463
2248.6447282564795
2248.644728256494
2248.6447282565064
2248.6447282565236
2248.6447282565377
2248.6447282565478
2248.6447282565587
2248.6447282565714
2248.6447282565814
2248.6447282565905
2248.6447282566005
2248.644728256606
2248.644728256615
2248.644728256628
2248.6447282566364
2248.644728256644
2248.6447282566523
2248.644728256661
2248.6447282566664
2248.6447282566687
2248.64472825668
2248.6447282566814
2248.6447282566887
2248.6447282566933
2248.6447282566983
2248.6447282567037
2248.644728256711
2248.644728256712
2248.6447282567196
2248.6447282567246
2248.644728256722
2248.6447282567306
2248.6447282567324
2248.6447282567397
2248.644728256739
2248.644728256745
2248.6447282567515
2248.644728256751
2248.6447282567524
2248.6447282567556
2248.6447282567624
2248.6447282567624
2248.6447282567633
2248.6447282567656
2248.6447282567706
2248.64472825677
2248.6447282567706
2248.6447282567674
2248.644728256772
2248.644728256778
2248.6447282567783
2248.6447282567797
2248.644728256783
2248.644728256782
2248.6447282567847
2248.6447282567906
2248.644728256785
2248.6447282567888
2248.644728256788
2248.6447282567915
2248.644728256793
2248.6447282567897
2248.6447282567915
2248.6447282567924
2248.644728256795
2248.6447282567938
2248.644728256796
2248.644728256797
2248.6447282567997
2248.644728256803
2248.644728256798
2248.644728256798
2248.6447282567974
2248.6447282567988
2248.6447282568006
2248.6447282568024
2248.644728256794
2248.644728256805
2248.644728256803
2248.6447282568047
2248.644728256802
2248.644728256804
2248.6447282568024
2248.6447282568024
2248.644728256805
2248.644728256805
2248.644728256805
2248.6447282568074
2248.6447282568065
2248.644728256805
2248.644728256806
2248.644728256807
2248.64472825681
2248.6447282568083
2248.6447282568092
2248.644728256809
2248.644728256809
2248.644728256806
2248.6447282568074
2248.644728256809
2248.6447282568142
2248.6447282568106
2248.64472825681
2248.6447282568097
2248.644728256811
2248.6447282568097
2248.6447282568083
2248.6447282568106
2248.644728256807
2248.6447282568124
2248.644728256811
2248.6447282568124
2248.6447282568106
2248.6447282568124
2248.644728256805
2248.6447282568124
2248.6447282568056
2248.644728256808
2248.644728256811
2248.6447282568115
2248.644728256812
2248.6447282568133
2248.644728256809
2248.644728256813
2248.6447282568097
2248.644728256813
2248.6447282568106
2248.6447282568142
2248.6447282568156
2248.6447282568083
2248.644728256814
2248.6447282568115
2248.644728256812
2248.644728256814
2248.6447282568097
2248.6447282568133
2248.6447282568106
2248.644728256807
2248.6447282568106
2248.644728256808
2248.6447282568115
2248.644728256808
2248.6447282568097
2248.644728256817
2248.6447282568124
2248.6447282568142
2248.6447282568097
2248.644728256811
2248.6447282568115
2248.644728256812
2248.6447282568106
2248.6447282568124
2248.64472825681
2248.6447282568115
2248.644728256812
2248.6447282568106
2248.64472825681
2248.644728256809
2248.6447282568115
2248.644728256814
2248.644728256818
2248.6447282568142
2248.6447282568174
2248.6447282568142
2248.644728256816
2248.644728256813
2248.644728256813
2248.6447282568124
2248.644728256814
2248.6447282568097
2248.6447282568156
2248.644728256814
2248.6447282568124
2248.6447282568142
2248.644728256814
2248.6447282568115
2248.6447282568147
2248.6447282568097
2248.6447282568147
2248.644728256811
2248.6447282568147
2248.644728256814
2248.644728256817
2248.644728256814
2248.6447282568115
2248.6447282568124
2248.6447282568142
2248.644728256812
2248.644728256814
2248.644728256812
2248.6447282568147
2248.644728256811
2248.6447282568115
2248.644728256815
2248.644728256814
2248.6447282568156
2248.6447282568142
2248.6447282568156
2248.6447282568142
2248.6447282568124
2248.644728256816
2248.6447282568133
2248.6447282568124
2248.6447282568115
2248.6447282568174
2248.6447282568133
2248.64472825681
2248.6447282568142
2248.6447282568092
2248.644728256812
2248.6447282568092
2248.6447282568115
2248.6447282568133
2248.6447282568142
2248.6447282568133
2248.6447282568133
2248.64472825681
2248.6447282568156
2248.644728256812
2248.644728256814
2248.6447282568124
2248.6447282568092
2248.6447282568124
2248.644728256816
2248.6447282568124
2248.644728256815
2248.6447282568147
2248.6447282568147
2248.6447282568097
2248.644728256812
2248.644728256814
2248.6447282568133
2248.6447282568097
2248.6447282568142
2248.6447282568124
2248.6447282568147
2248.6447282568115
2248.6447282568106
2248.6447282568106
2248.6447282568147
2248.644728256813
2248.644728256814
2248.644728256812
2248.6447282568142
2248.6447282568106
2248.644728256816
2248.644728256811
2248.6447282568115
2248.6447282568133
2248.6447282568147
2248.6447282568133
2248.6447282568124
2248.644728256814
2248.6447282568142
2248.6447282568142
2248.64472825681
2248.6447282568124
2248.6447282568097
2248.6447282568147
2248.6447282568092
2248.644728256811
2248.64472825681
2248.6447282568142
2248.6447282568124
2248.6447282568124
2248.644728256811
2248.6447282568106
2248.644728256813
2248.6447282568133
2248.6447282568124
2248.644728256812
2248.6447282568133
2248.6447282568147
2248.6447282568147
2248.644728256816
2248.644728256816
2248.6447282568165
2248.644728256817
2248.6447282568124
2248.6447282568124
2248.644728256814
2248.644728256812
2248.6447282568124
2248.644728256816
2248.6447282568142
2248.6447282568174
2248.644728256814
2248.644728256813
2248.6447282568165
2248.6447282568133
2248.644728256812
2248.6447282568115
2248.644728256814
2248.6447282568133
2248.6447282568156
2248.6447282568142
2248.6447282568124
2248.644728256812
2248.6447282568106
2248.6447282568124
2248.6447282568133
2248.644728256813
2248.6447282568142
2248.6447282568124
2248.6447282568097
2248.6447282568133
2248.6447282568106
2248.6447282568133
2248.644728256809
2248.644728256815
2248.644728256813
2248.644728256812
2248.6447282568124
2248.6447282568142
2248.644728256813
2248.644728256814
2248.644728256816
2248.6447282568142
2248.6447282568106
2248.6447282568133
2248.6447282568115
2248.6447282568097
2248.644728256811
2248.6447282568124
2248.644728256812
2248.6447282568133
2248.6447282568124
2248.644728256812
2248.6447282568133
2248.644728256814
2248.6447282568124
2248.6447282568133
2248.6447282568115
2248.6447282568142
2248.6447282568115
2248.64472825681
2248.6447282568133
2248.644728256815
2248.644728256812
2248.6447282568133
2248.644728256815
2248.644728256812
2248.6447282568124
2248.644728256819
2248.644728256815
2248.644728256816
2248.6447282568115
2248.6447282568115
2248.6447282568124
2248.6447282568115
2248.644728256817
2248.644728256816
2248.644728256811
2248.6447282568142
2248.6447282568124
2248.6447282568142
2248.644728256809
2248.6447282568115
2248.644728256812
2248.6447282568124
2248.64472825681
2248.6447282568165
2248.644728256814
2248.6447282568106
2248.6447282568142
2248.644728256815
2248.644728256816
2248.6447282568124
2248.6447282568147
2248.644728256811
2248.6447282568156
2248.644728256812
2248.6447282568115
2248.644728256814
2248.64472825681
2248.64472825681
2248.644728256814
2248.6447282568124
2248.644728256815
2248.6447282568133
2248.6447282568115
2248.6447282568124
2248.6447282568115
2248.644728256815
2248.644728256816
2248.644728256809
2248.644728256816
2248.6447282568124
2248.644728256813
2248.6447282568115
2248.6447282568133
2248.644728256814
2248.6447282568142
2248.644728256814
2248.644728256813
2248.644728256813
2248.6447282568133
2248.6447282568142
2248.6447282568124
2248.6447282568142
2248.644728256812
2248.6447282568106
2248.644728256811
2248.6447282568115
2248.6447282568165
2248.644728256814
2248.644728256813
2248.6447282568142
2248.644728256811
2248.644728256808
2248.6447282568165
2248.644728256812
2248.6447282568133
2248.6447282568147
2248.6447282568156
2248.644728256816
2248.6447282568124
2248.6447282568133
2248.6447282568147
2248.644728256812
2248.644728256811
2248.6447282568115
2248.6447282568092
2248.64472825681
2248.6447282568124
2248.644728256811
2248.644728256814
2248.6447282568115
2248.6447282568142
2248.6447282568115
2248.6447282568156
2248.6447282568124
2248.644728256813
2248.6447282568133
2248.6447282568124
2248.6447282568133
2248.6447282568124
2248.6447282568115
2248.6447282568147
2248.644728256813
2248.644728256815
2248.6447282568115
2248.644728256813
2248.6447282568124
2248.644728256813
2248.6447282568124
2248.644728256816
2248.6447282568147
2248.644728256815
